ratio,np,label,angle,excentricitat,elongacio,compacitat
1.33530118158719,6,BotodOr,69,1.0087287095891,0.991346821493113,21.9330642772512
1.26365350845551,8,BotodOr,72,1.06893970270532,0.935506462590131,15.1378446882969
1.43343003753722,5,BotodOr,73,1.09995904754909,0.909124755351744,15.9774496086747
1.12111720582803,5,BotodOr,76,1.06353957100161,0.940256505038388,15.3147649319398
1.23168487480602,7,BotodOr,76,1.19492365990478,0.836873545611847,13.7111504955384
1.26838989333389,5,BotodOr,72,1.20178353972912,0.832096602209576,44.7038603677813
1.84513884099808,6,BotodOr,66,1.31066658950089,0.762970543394114,26.3348161020906
1.27271776643977,7,BotodOr,80,1.19717036139893,0.835303004688049,12.479609273038
1.44630205131339,5,BotodOr,72,1.50919065863951,0.662606804697207,36.0320105966113
1.14900716114347,7,BotodOr,68,1.26555156038193,0.790169307442688,11.5812506347345
1.15232004476226,7,BotodOr,79,1.01171830366569,0.988417424471578,11.5927163834715
1.41277382215844,7,BotodOr,73,1.23710525908118,0.808338654014551,14.1831642074235
1.41882719612035,5,BotodOr,82,1.03541789514276,0.965793622740244,12.7253266581068
1.26458429602932,10,BotodOr,83,1.09201489025326,0.915738428958672,18.6451191732874
1.38052892559751,7,BotodOr,83,1.05394784729122,0.948813551420144,11.362043526374
1.45123155273464,5,BotodOr,84,1.08411826265892,0.922408591796423,17.2319572653578
1.21838117307733,8,BotodOr,81,1.1917094438617,0.839130716930065,11.2882402622057
1.18489331151604,6,BotodOr,66,1.01220587540219,1.01220587540219,15.4743385316278
1.3389674111235,6,BotodOr,81,1.16333474306462,1.16333474306462,13.4404174002662
1.55482628093849,4,BotodOr,77,1.35118747538593,1.35118747538593,21.0324151234568
1.22701915388348,6,BotodOr,79,1.12136937129897,0.8917668215261,25.9252588173364
1.25568571285036,7,BotodOr,73,1.05085643547597,0.951604773250561,14.6593718592965
1.14510213022022,6,BotodOr,81,1.12579292822869,1.12579292822869,12.2719646328797
1.2455129023969,8,BotodOr,76,1.1677773126495,0.856327648403412,18.1628757828323
1.16103859773219,9,BotodOr,71,1.02125626298369,0.979186161442391,24.2773768555139
1.39537712733553,7,BotodOr,72,1.23649324852935,0.808738746604055,16.3099025958807
1.20100736655716,5,BotodOr,68,1.20130228911614,0.832429946284174,13.2690646334097
1.16983465577713,9,BotodOr,69,1.43851756516211,0.695160089955041,12.0990508966741
1.26344252636867,8,BotodOr,74,1.16797673824931,0.856181435170452,18.4272072478069
1.32090761316134,7,BotodOr,67,1.21525317798865,0.822873799560918,28.8460413593188
1.46642241803849,6,BotodOr,64,1.19740884483419,0.83513664051686,16.1995055246932
1.26229586985409,6,BotodOr,81,1.48080724493177,0.675307338900867,20.8869779440816
1.21626607486898,5,BotodOr,87,1.07379371066989,0.931277572277962,25.294695916325
1.15666650017904,7,BotodOr,83,1.14465090651509,0.873628801854113,25.425090025961
1.24857290647256,8,BotodOr,64,1.03350597466311,0.967580279665015,13.761071030559
1.23077082060926,7,BotodOr,74,1.01414128828091,0.986055899267366,12.0221705335061
1.256021813396,5,BotodOr,72,1.05631175155838,1.05631175155838,20.6283957604445
1.18185310273991,7,BotodOr,68,1.02870255711289,0.972098293219523,23.2100377643505
1.37738580121365,5,BotodOr,85,1.02793488471813,0.972824266270731,23.7243230306346
1.43050655729232,6,BotodOr,78,1.04463005705025,1.04463005705025,19.1849385211612
1.27306330525488,7,Buixol,68,1.09548034283445,1.09548034283445,18.3082267590569
1.28435785407124,10,Buixol,246,1.11740705308202,0.8949290209345,18.2787189401952
1.22282431796212,6,Buixol,68,1.01092715895562,1.01092715895562,18.6790677784905
1.20566371505608,7,Buixol,92,1.08459250758581,0.922005262811462,25.8858442253306
1.98038373796256,5,Buixol,232,1.0946370811074,0.91354478781985,49.1342972687368
1.20183845573254,6,Buixol,75,1.0198848828213,1.0198848828213,29.7902273583721
1.22678697542431,6,Buixol,270,1.12845706752253,0.886165746824071,18.3660722736479
1.2046637816863,8,Buixol,71,1.05074324930323,0.951707280216284,28.0226150479553
1.35720128825143,7,Buixol,182,1.03338988559072,1.03338988559072,34.6778923097789
1.34548640739554,7,Buixol,248,1.38044954838094,0.724401700281516,32.0621337063129
1.67979572777954,7,Buixol,227,1.03778951133033,0.963586535691728,32.6292062351491
1.24960141006932,6,Buixol,79,1.0699476682492,0.934625150065839,28.3701060461376
1.42337846078453,6,Buixol,183,1.03666965653595,0.96462744298074,31.1488498536177
1.30975903050666,6,Buixol,235,1.35725045283064,0.736783692290857,27.1201058491741
1.31800281832262,6,Buixol,60,1.108083467099,0.902459092380495,23.9437067995499
1.33124941557386,5,Buixol,59,1.20052941966814,0.832965842916556,21.8845829358102
1.16630203271295,6,Buixol,21,1.10871955004604,0.901941343019045,30.4777941469853
1.90143357633907,4,Buixol,272,1.1097527779417,0.901101596568868,50.4708487031387
1.82988527789978,4,Buixol,171,1.00028593491007,0.999714146825337,28.0169309356509
1.26395249140313,6,Buixol,248,1.0367523730364,0.964550480913041,22.5383982929742
1.37196614649651,6,Buixol,78,1.04089183901256,0.960714612719653,16.9960005146791
1.39937335609781,6,Buixol,243,1.15833817738014,0.86330574225028,32.5522326958201
2.07651354364311,4,Buixol,73,1.16014191287961,0.861963514030693,31.3726347421481
1.3834421951004,6,Buixol,105,1.06571193138195,1.06571193138195,44.6741205681415
1.52465106693016,6,Buixol,111,1.37938340763012,0.72496159839857,24.6738849411859
1.43225391067711,7,Buixol,63,1.02786830803842,1.02786830803842,28.9693338072284
1.6494121132437,6,Buixol,222,1.14455940457266,0.873698644216169,31.2875866965212
1.33043716659625,7,Buixol,65,1.14334110360654,1.14334110360654,32.1427316323169
2.1664723732351,5,Buixol,160,1.20597749379619,0.829202870819909,32.5302579954821
1.19772113288062,6,Buixol,247,1.20197396599421,0.831964774855045,26.8680470660147
1.21315288992997,6,Buixol,65,1.0771151660283,0.928405830258011,25.6486971331252
1.66994417381208,6,Buixol,81,1.19290090761692,0.838292597159407,69.2090750932785
1.25978723427051,6,Buixol,86,1.00352918448485,1.00352918448485,21.7708075631737
1.2421586311204,10,Buixol,80,1.05578827922492,1.05578827922492,18.2366892250878
1.31466451431881,7,Buixol,185,1.05872116136732,0.944535763041254,26.934730489418
1.42385917567442,7,Buixol,153,1.13369552915247,0.882071044901782,28.8358270438864
1.32480106146538,7,Buixol,50,1.02325371890945,0.977274728173743,32.6665440500276
1.2978210022226,6,Buixol,182,1.01939149470723,0.980977382283536,32.032174863388
1.71667300930508,5,Buixol,21,1.14066097989213,1.14066097989213,41.77333569719
1.32106159154246,9,Buixol,71,1.04916668849744,0.953137390810742,19.9210654803884
1.37079297668857,6,Buixol,67,1.58948339075893,0.629135230864245,38.3150160145701
1.99706529831977,5,Buixol,232,1.1285796563699,0.886069489517935,50.7734597822269
1.26874376527307,10,Buixol,89,1.21633916224314,0.822139113038036,18.292682688072
1.30881692005506,6,Buixol,83,1.16019080926476,0.861927186471789,26.0826454834787
1.30975903050666,6,Buixol,235,1.35725045283064,0.736783692290857,27.1201058491741
1.42742065985072,6,Buixol,228,1.62307868174169,0.616113076494187,26.6483712566568
1.28937883225408,9,Crocus,294,1.45058927663672,0.689375012007923,9.87057205411778
1.53676283615218,8,Crocus,91,1.08019526408972,1.08019526408972,20.9499289984606
1.49581187044313,7,Crocus,302,1.1977459325296,0.834901603788402,19.6892700975446
1.97088986059765,3,Crocus,96,1.069726137132,0.934818702926206,13.9033770068278
2.11106826082973,3,Crocus,241,1.04438174198157,0.957504291584646,39.0128682501148
1.32375709725879,4,Crocus,271,1.09136008603416,1.09136008603416,11.8870919136113
2.33316729106528,4,Crocus,72,1.51875360503851,0.658434651073401,23.7539117564139
1.45379100904027,6,Crocus,259,1.66034367520022,1.66034367520022,12.5626930614143
1.96557424630481,4,Crocus,290,1.37506819647049,1.37506819647049,21.6463674207463
2.27104398279564,3,Crocus,306,1.22866093374679,0.813894193697936,39.7275440852315
1.58924187393798,4,Crocus,273,1.51446980805947,1.51446980805947,15.1836465743167
1.75202784428992,6,Crocus,295,1.05065687486136,0.951785520017613,25.5514606424
1.36507048441309,8,Crocus,307,1.42786254192424,1.42786254192424,11.8360252181402
1.60228204131002,7,Crocus,200,1.17148827370854,1.17148827370854,13.9705469313394
1.80184686625694,4,Crocus,276,1.48135815145997,0.675056196919319,19.5763056536937
2.21569137983223,5,Crocus,227,1.01765024740841,0.982655880590252,39.5156419810588
1.42709516148485,3,Crocus,293,1.45012924991115,0.689593703500065,12.6548157662666
1.37668430125299,6,Crocus,300,1.06963735810322,0.934896292116509,20.8473980309423
1.45410545725882,4,Crocus,305,1.43780638124222,0.695503937836215,12.6556640071281
2.32892997706451,4,Crocus,62,1.07950814911842,0.926347800909749,31.4514001388567
1.42342389442803,8,Crocus,271,1.58582455288254,0.630586780979211,16.8720037896731
1.94015240456621,5,Crocus,282,1.11581487238085,1.11581487238085,19.1962750012286
2.16552137344509,3,Crocus,280,1.00670590762884,0.993338762017767,19.2685637396591
2.0063738109659,4,Crocus,229,1.13597573345843,0.880300494584988,49.4776055902223
1.56004706075468,6,Crocus,323,1.15484726297085,0.865915374321876,18.9780147610708
1.85555258144086,4,Crocus,310,1.26502754512576,0.79049662108392,24.283305227656
2.39127973370662,4,Crocus,298,1.22085872006737,1.22085872006737,37.1880121909922
1.71738153891313,4,Crocus,224,1.2533660711135,0.797851500090146,36.9894562373944
2.4191828016192,4,Crocus,319,1.06624566309306,0.937870168774344,80.9903785069938
2.13050434248637,5,Crocus,298,1.40080160320641,0.713876967095851,87.5803661583378
2.530831776855,4,Crocus,283,2.2090516294681,0.452682946229183,28.5960333635266
2.0169394734361,4,Crocus,304,1.69770318317249,0.589031115634302,71.9299778803146
1.63157577018753,5,Crocus,31,1.59846665357496,0.625599538009445,67.7902811677814
1.66572579482565,8,Crocus,337,1.10421166414078,0.905623471001939,52.7567852569736
1.5779881864361,4,Crocus,275,1.12982295780987,0.885094423942734,24.5355949046888
1.76840674496999,4,Crocus,284,1.03649686887309,0.964788249758279,37.4637530864198
1.85563966077304,3,Crocus,267,1.61611678350605,0.618767164728386,16.9150091049167
1.41760393831117,6,Crocus,314,1.12072693292199,1.12072693292199,11.1776274244475
1.27341021600417,12,DentdeLleo,78,1.04254725831171,0.959189132221582,24.2776661632466
1.10503734465851,11,DentdeLleo,70,1.20262123243898,0.831517000553818,61.6544187453705
2.05363669405944,4,DentdeLleo,78,1.10804928066291,0.902486935781173,78.5936445581043
1.10985224486141,13,DentdeLleo,72,1.22927669346883,0.813486504147538,40.8771230003701
1.80330940201443,4,DentdeLleo,71,1.11685029800736,0.895375147219066,71.7528982550464
1.71935715083402,4,DentdeLleo,77,1.13188218317916,0.883484177824286,71.4694049810338
1.19643502720489,14,DentdeLleo,80,1.03638704943347,0.964890482321872,69.2695185510088
1.1837395090556,9,DentdeLleo,74,1.33374928108376,0.749766102357283,52.9044615467413
2.01170225727668,5,DentdeLleo,80,1.10484712588154,0.905102594354053,62.3094708655006
1.47533772289242,6,DentdeLleo,78,1.05955639288826,0.943791200460873,66.9678903992294
1.23590796214741,10,DentdeLleo,80,1.02715795591089,0.973560097787681,79.300888572207
1.99172080468961,3,DentdeLleo,74,1.8286843826471,0.546841220655288,45.6818600509687
1.10302840307124,14,DentdeLleo,74,1.3084024184273,0.764290852658316,65.1464109978187
1.25901162414012,11,DentdeLleo,71,1.36007636579316,0.735252832231097,43.8868388489587
1.1751996598318,12,DentdeLleo,78,1.32951150831856,0.752155956336705,75.0050647023691
1.11894431968605,13,DentdeLleo,74,1.14336005390354,0.874615128091896,40.7284280520772
1.90381166764308,5,DentdeLleo,66,1.00753830489369,1.00753830489369,57.6178821178821
1.33526716091336,7,DentdeLleo,59,1.54670452539594,0.646535898473569,74.0413863856278
1.3755574860095,6,DentdeLleo,70,1.11022076263949,0.90072176061863,159.223284632449
1.25222732834373,9,DentdeLleo,76,1.4666445854688,0.681828446992399,35.9994806744602
1.48311913948112,8,DentdeLleo,77,1.20758614822892,0.828098269814229,108.103734467855
1.25521979636847,8,DentdeLleo,66,1.00664532152424,1.00664532152424,39.3043078301076
1.15196456312129,13,DentdeLleo,80,1.01720869639758,0.983082432878798,96.0204125026579
1.15712629532106,13,DentdeLleo,76,1.0844397027038,0.922135179583277,38.2080473938881
1.14416066845316,12,DentdeLleo,77,1.08170306424276,0.924468121665203,28.5134317091405
1.2723217023996,12,DentdeLleo,75,1.1017271661664,0.907665736771861,137.732228864524
1.31063000697561,9,DentdeLleo,69,1.33232399509203,0.75056818287726,83.4495534065731
1.19227138172305,11,DentdeLleo,79,1.07685420699327,0.928630815114836,47.8537939543492
1.15224733306501,13,DentdeLleo,76,1.17325260645358,0.852331368794248,27.6544300205718
1.14145954669793,11,DentdeLleo,70,1.11087227196714,0.900193501300732,24.9118733462379
1.22342668394666,12,DentdeLleo,70,1.19154992934544,0.839243052575508,71.6808156835288
2.05262537409644,5,DentdeLleo,76,1.10684449486734,0.903469281039209,156.11766583261
1.12672014062276,14,DentdeLleo,74,1.22754036042431,0.814637165701293,45.4848147449204
1.43944150302585,10,DentdeLleo,73,1.01599529577484,0.98425652575228,74.9389968256079
1.30771860713155,10,DentdeLleo,73,1.64263892551729,0.608776514707934,62.8408363534349
1.19647391608774,14,DentdeLleo,75,1.0226341201377,1.0226341201377,40.5941394737056
1.14920824166646,14,DentdeLleo,91,1.00775433878708,1.00775433878708,132.755400369457
1.13676541744595,9,DentdeLleo,65,1.24418715485026,0.803737601776118,29.8504167356626
1.47173157163583,6,DentdeLleo,80,2.1349156554969,0.468402579476728,37.9194563591842
1.87947860260357,5,DentdeLleo,83,1.11492832562,0.896918642231025,42.1959051061775
1.11170936580357,11,DentdeLleo,70,1.21477841534324,0.823195397094247,52.1743019588401
2.65976815426884,4,Fadrins,73,1.30736208413044,0.764899037641224,19.7640543499259
4.10539833302337,4,Fadrins,68,1.15055591761688,1.15055591761688,24.1958289148109
1.5464949829314,4,Fadrins,299,1.99916326940603,1.99916326940603,15.7978976056064
2.36334021430857,4,Fadrins,108,1.05791614415844,1.05791614415844,46.4517152488598
2.16422726396272,4,Fadrins,81,1.36796532604576,0.731012680628828,25.8823214763306
2.37725381722939,5,Fadrins,21,1.13496404239452,0.881085182126317,31.6716463755166
1.91346854272465,5,Fadrins,227,1.56007143818865,0.640996287427113,17.8871084163418
1.83468046059816,5,Fadrins,47,1.02137470829024,1.02137470829024,16.7438721956284
2.58567778810858,3,Fadrins,93,1.40084974031225,1.40084974031225,51.5578274760383
2.13927317362117,4,Fadrins,87,1.06444761168197,1.06444761168197,22.1357123250069
1.93182345759691,5,Fadrins,227,1.04300605564501,1.04300605564501,22.7573059725327
2.30431026424634,4,Fadrins,94,2.39280239094367,2.39280239094367,22.2250060226451
2.56450807318273,3,Fadrins,21,1.65694813069038,0.603519193798384,18.3622635904545
2.16981132884528,4,Fadrins,107,1.02280671411807,0.977701833784168,36.9992069785884
2.63608603425127,4,Fadrins,233,1.17217371530835,1.17217371530835,33.0058056992191
2.01948492817502,7,Fadrins,227,1.59338627956485,0.627594207898601,17.7651205668631
1.96621572530863,4,Fadrins,152,1.97244746530308,1.97244746530308,38.9684801264064
2.63788638364807,4,Fadrins,94,1.06633894060126,1.06633894060126,30.6399075338867
3.04054884223495,5,Fadrins,87,1.81887395333353,1.81887395333353,21.1839864912404
2.43374081712042,4,Fadrins,243,1.6267057847596,0.614739315104718,26.1723642510036
1.85048288361423,6,Fadrins,86,1.3981534267999,1.3981534267999,20.9104102442495
3.15708689114939,3,Fadrins,183,1.79540524030352,0.556977320524555,43.340885532356
2.04917436694295,4,Fadrins,271,2.15355132956231,2.15355132956231,27.3400343142015
1.78315722656904,4,Fadrins,223,1.04886361606657,0.953412802848653,58.3333611511821
1.98923394103672,3,Fadrins,262,1.0404934223485,0.961082481177917,22.2141074366101
2.06039593660369,4,Fadrins,80,1.09674648740916,0.911787738989981,24.6923076923077
2.0765006537244,4,Fadrins,220,1.14417522311554,0.873992007340483,32.595652173913
2.22884102662935,4,Fadrins,102,1.01465132687284,1.01465132687284,74.7939698492462
1.97094439395788,7,Fadrins,89,1.05510718931424,1.05510718931424,57.4811413902054
2.06365647939354,4,Fadrins,42,1.90432115153008,1.90432115153008,30.0518828451883
2.5119844445836,5,Fadrins,45,2.0760894479974,0.481674814620633,40.2890055150329
2.49854450692076,3,Fadrins,69,1.34822891695353,0.741713804996566,25.9156832889227
1.76262173167387,4,Fadrins,91,1.27183718270509,1.27183718270509,16.3041910331384
2.06340123776704,3,Fadrins,103,1.18145396468151,0.846414697393285,44.4472994501259
2.28281290820434,2,Fadrins,104,1.38106581716837,0.724078452720178,34.9402319357716
1.77552733506774,4,Fadrins,82,6.03217942279211,6.03217942279211,12.8124103299857
1.76893309370836,5,Fadrins,92,1.65661727554789,1.65661727554789,16.19120441589
2.71681716283436,4,Fadrins,217,1.40414628037229,0.712176511791113,16.1895231465367
1.78016967140986,3,Fritillaria,343,1.63157901220509,1.63157901220509,14.4229499249557
1.34957704130367,5,Fritillaria,331,1.07556333334597,1.07556333334597,16.9585091989778
1.47267530527208,6,Fritillaria,360,1.03284072644286,0.968203493915307,15.0944635498962
1.65372566508471,6,Fritillaria,31,2.4268630284598,2.4268630284598,15.6938643144377
1.51177473388353,6,Fritillaria,360,1.03386249265538,0.967246618485592,21.7749938185115
2.10508354160693,2,Fritillaria,360,3.61652656108044,3.61652656108044,13.9064377946932
1.75648956105783,7,Fritillaria,360,1.00084257214074,1.00084257214074,38.7459119328809
1.8026002725383,5,Fritillaria,360,1.47786796382806,0.676650434596161,29.3067814416366
1.48134366341941,4,Fritillaria,357,1.38762781454783,1.38762781454783,16.1066410607622
1.4106161710897,7,Fritillaria,360,1.00036285658638,0.999637275030768,14.8940735897283
1.42368731577557,7,Fritillaria,86,1.01968964420938,0.980690551952554,19.8775680388143
1.65740567164239,5,Fritillaria,359,1.11436610714345,0.897371154407581,28.5817833743172
1.64228441136837,5,Fritillaria,333,3.02697139579229,3.02697139579229,16.9259290743968
1.56371575475934,3,Fritillaria,360,1.0606048841405,0.942858188712178,16.222329795372
1.61379762321134,5,Fritillaria,360,1.01055679003168,1.01055679003168,23.4950096206862
1.64741195336703,4,Fritillaria,355,1.78342770553373,1.78342770553373,15.2874134808202
1.30890786312021,8,Fritillaria,360,1.00177198026315,1.00177198026315,17.4468970764047
1.40536921129705,7,Fritillaria,26,1.06121582825303,1.06121582825303,17.2552608405823
1.38368167506961,8,Fritillaria,360,1.09035985557841,1.09035985557841,14.0333875203201
1.79215531821546,5,Fritillaria,343,1.3003376286631,0.769031040829078,25.4568489829843
1.63768049526909,5,Fritillaria,360,1.02821499408712,1.02821499408712,17.1667858935073
1.506070090722,5,Fritillaria,342,1.4967609452085,1.4967609452085,19.3659458945567
1.35937609141629,6,Fritillaria,342,1.00361836808726,1.00361836808726,18.9995023153157
1.65140089525179,5,Fritillaria,350,2.41796862730313,2.41796862730313,16.8597475944778
1.39367640875466,4,Fritillaria,354,1.00645049566524,1.00645049566524,19.2817925825092
1.61641096519379,6,Fritillaria,360,1.02459654377192,0.975993922757758,21.0280592361652
1.784980000863,7,Fritillaria,360,2.77444819343516,2.77444819343516,22.2915753282415
1.56634057227181,9,Fritillaria,317,1.78723089150255,1.78723089150255,17.9713654818719
1.36424366567205,5,Fritillaria,332,1.07185264797582,0.932964061700536,17.3986647750981
2.55941676692937,3,Fritillaria,360,1.18195982439343,0.84605244557546,51.0001347694923
1.29343734412091,8,Fritillaria,340,2.17893374200925,2.17893374200925,21.6610290325516
1.73318038541077,4,Fritillaria,82,2.06185787002934,2.06185787002934,18.9648539685471
1.64638565553295,5,Fritillaria,332,1.9344896722955,1.9344896722955,16.2210296163785
1.62230369835209,7,Fritillaria,360,1.00473841611236,1.00473841611236,25.4397596394592
1.64737149684376,5,Fritillaria,355,1.44941924192794,1.44941924192794,15.0177634020892
1.39827491689829,4,Fritillaria,81,2.76053589208955,2.76053589208955,15.1989610228015
1.38977550562515,9,Fritillaria,360,1.00808737804117,1.00808737804117,18.881133791114
1.42795723544438,8,Fritillaria,89,1.29794212307061,1.29794212307061,17.5710120881726
1.39580559933623,6,Fritillaria,27,1.24800155155376,1.24800155155376,19.094241491592
1.57887734433848,7,Fritillaria,360,1.24594739127503,1.24594739127503,19.3993150083428
1.3866634743486,8,Fritillaria,360,1.00101508511067,0.998985944242235,14.5568413886998
1.55374542355951,4,Fritillaria,80,1.03695080705444,0.964365901638667,15.4749178990985
1.64688632014917,5,Fritillaria,72,1.11740736636609,0.894928770026004,23.9419245874285
1.64103655526699,4,Fritillaria,360,1.59098559647154,0.628541202521119,15.9337472480479
1.31027038909565,7,Fritillaria,25,1.14207961437117,1.14207961437117,13.418726365149
1.54316395635419,5,Fritillaria,64,1.64635366591174,1.64635366591174,16.4893527667984
1.8847244549536,5,Fritillaria,344,1.61160419807349,0.620499748756799,34.3780485916474
1.49667201884144,5,Fritillaria,343,1.83740944480975,1.83740944480975,23.8676982737524
1.36276816508343,6,Fritillaria,342,1.01472372477136,1.01472372477136,20.036734087957
1.38639296800475,6,Fritillaria,360,2.07008253482958,2.07008253482958,17.8894230769231
1.11289910554544,15,Gerbera,47,1.05422294387152,0.948565961131151,151.847539792825
1.33586741842976,10,Gerbera,81,1.40301910299778,0.712748670252129,63.0741599992943
1.25256187461041,10,Gerbera,272,2.2637881665502,0.441737444684987,53.1816027801179
1.40004916617037,6,Gerbera,62,1.64259875564676,0.608791402381317,34.205856488267
1.53259596393755,6,Gerbera,285,1.09088591739511,0.916686139269146,55.5986254295533
1.13658168585486,11,Gerbera,73,1.44146843311749,0.693737009444794,55.9152539399946
1.44045906422553,10,Gerbera,301,1.17125589491976,0.853784390189562,143.452986289588
1.22656170086878,10,Gerbera,217,1.15780736686014,0.863701535007422,29.4416461849955
1.32781377601259,8,Gerbera,280,1.12056600229505,0.892406157202594,135.616795760294
1.12436526408586,10,Gerbera,360,1.11840429083191,0.894131047419501,32.2867720840109
1.63584139830403,9,Gerbera,68,1.07032966229935,0.934291588118501,107.649355213712
1.12556529371046,13,Gerbera,290,1.48570932314891,0.673079171288053,39.8656579144582
1.11289877167963,12,Gerbera,225,1.12452344256969,0.889265587665171,72.126116932899
1.1420916236366,12,Gerbera,243,1.04212541752529,1.04212541752529,111.529725758498
2.23468895549985,4,Gerbera,57,2.02876027126263,0.492911860590425,29.3706515787552
1.37623683991608,8,Gerbera,74,1.4830554298822,0.674283630841384,50.2298555047051
1.1806165776059,10,Gerbera,186,1.05534338086213,0.947558887594563,39.5455347757968
1.3342919665726,8,Gerbera,196,1.47868779448346,0.676275278480488,34.2679929783499
2.10907378478167,4,Gerbera,57,1.68287894299566,0.594219806577365,39.2385777587956
1.2592055027791,8,Gerbera,220,1.5455903066717,0.647001987320571,96.952058596553
1.18708730213583,13,Gerbera,21,1.01921051917962,0.981151568966256,50.2554943015184
1.43678512465476,6,Gerbera,60,1.40508600923759,0.711700204418521,76.2838201140122
1.21588238956644,11,Gerbera,164,1.15665890925022,0.864559112459725,34.6278943848138
1.15561039150926,12,Gerbera,64,1.2808908645905,0.780706637578916,40.0588619950187
1.32728549305925,9,Gerbera,69,1.05857985273289,0.944661848058363,190.847300074085
1.29173323110656,10,Gerbera,234,1.04314088552454,1.04314088552454,119.362424816315
1.21453767760168,12,Gerbera,21,1.10638587241397,0.90384378988693,87.410908982878
1.33009192157756,9,Gerbera,54,1.0894745456392,0.917873670387861,67.707683127202
1.12424055472569,11,Gerbera,49,1.09587514919133,1.09587514919133,59.5950649350649
1.30879287976887,12,Gerbera,228,1.04899540167174,0.953293025313877,90.8088296062811
1.15110117622146,10,Gerbera,255,1.11337488391657,0.898170072314055,47.3516083943425
1.14576894429881,10,Gerbera,80,1.34861710187049,0.741500310661216,47.6855588979421
1.30482196317653,11,Gerbera,72,1.0654131772292,0.938602995882485,55.3644030432866
1.24564360296645,10,Gerbera,121,1.00083914281275,0.999161560757517,96.2049500102665
1.14379261800938,13,Gerbera,271,1.20261633707192,0.831520385324847,55.8039449670083
1.09814415265649,18,Gerbera,91,1.80973387510099,1.80973387510099,41.125172119861
1.15583646590651,12,Gerbera,216,1.16325790976569,0.859654588724378,49.6843026016545
1.11958059291992,13,Gerbera,73,1.14243046624831,0.875326796285429,47.8003125542629
1.34403930418456,10,Gerbera,78,1.06640821251642,0.937727212021634,56.4721350887235
1.33497358449599,10,Gerbera,81,1.41537967120716,0.706524207138788,63.4494129666981
1.11059893433151,12,Gerbera,225,1.34004607880248,0.746242995534631,62.1684598600557
1.38568906965611,8,Gerbera,69,1.31709940714195,0.75924413493584,128.983744332633
1.13007834584955,11,Girasol,75,1.01549953095897,0.984737037796237,56.6662222302301
1.31622776849835,8,Girasol,73,1.04255241867314,0.959184384486589,32.9039836127432
1.15267081336096,9,Girasol,74,1.439874097121,0.694505166805542,34.1205937492767
1.25209380145413,9,Girasol,62,1.00132353545486,1.00132353545486,36.0240072239636
1.2071655274811,10,Girasol,71,1.56292415814759,0.639826311972312,49.1129497180536
1.42604773860653,8,Girasol,74,1.00640153492467,0.993639184060711,30.3305647840532
1.31363545344913,8,Girasol,65,1.37973977658004,0.724774350188482,78.7961494031575
1.18491315051899,9,Girasol,71,1.12247473783389,0.890888646571919,67.0041106719368
1.12365430846782,14,Girasol,58,1.02679968075345,1.02679968075345,39.1471344388589
1.13400601797462,11,Girasol,64,1.00437282539876,0.995646212951822,26.0167199926867
1.25539265279046,9,Girasol,69,1.16916890331901,1.16916890331901,43.9502285714286
1.24978900978426,9,Girasol,71,1.16873452934581,0.855626299121786,41.8923449450257
1.23784458780192,11,Girasol,53,1.0024479225161,0.997558055175616,52.0162086611511
1.24785173770978,9,Girasol,61,1.04512266891269,0.956825480630293,43.0381385475899
1.12601177374037,12,Girasol,67,1.00102596207817,1.00102596207817,40.933945067235
1.37681010848713,8,Girasol,65,1.08767403605784,1.08767403605784,68.8296313700481
1.15948556697571,12,Girasol,72,1.01231608008614,0.987833760296397,53.4579511032631
1.15556729897876,9,Girasol,67,1.0342776325583,1.0342776325583,35.3812840423966
1.18576376770467,10,Girasol,60,1.08645848849301,1.08645848849301,52.258531629142
1.2777673082082,8,Girasol,70,1.12430226775684,0.889440525629427,51.2543992132345
1.21963718242125,9,Girasol,65,1.20146028087449,0.83232048193232,39.6027682121409
1.24063706366031,10,Girasol,77,1.07946215150098,1.07946215150098,24.2162925884063
1.44588141692761,7,Girasol,73,1.29454172714307,1.29454172714307,64.2018617885268
1.19691184693831,10,Girasol,75,1.46911680084195,0.680681072755344,47.337492884588
1.15831038831268,12,Girasol,72,1.22636040218045,0.815420979201557,49.8073965669685
1.2069278204873,10,Girasol,77,1.05309334717621,0.94958343691129,94.0210558642597
1.20105069019519,10,Girasol,68,1.02980914139061,1.02980914139061,74.4658685742655
1.24320646878852,8,Girasol,68,1.32163777274419,0.75663697014625,41.2881541579489
1.16403241299268,10,Girasol,71,1.01438293087144,1.01438293087144,35.5026023406252
1.15399376027473,11,Girasol,59,1.00004481502512,0.999955186983173,40.5029103992228
1.26904353059289,9,Girasol,72,1.04762479298794,1.04762479298794,68.9844296922148
1.11217112180827,13,Girasol,56,1.06964062565456,1.06964062565456,27.5212509594616
1.1688130864678,10,Girasol,66,1.12364186838419,1.12364186838419,87.5594574507618
1.27794751132598,8,Girasol,65,1.033396748132,0.967682549618653,38.9385820726582
1.13368360723303,13,Girasol,57,1.00456081730791,1.00456081730791,39.3532304674037
1.38134705496524,9,Girasol,61,1.23117083958283,0.812234961915472,56.1217885436974
1.22313648629347,10,Girasol,68,1.00920619973558,0.990877781232426,37.29706960541
1.12471571204982,15,Girasol,81,1.19256397784818,0.838529436218896,34.0149741806629
1.12973465555743,11,Girasol,69,1.05487002898022,0.947984085742523,31.1751095608622
1.20551105637444,11,Girasol,72,1.01785297785098,0.982460160514863,54.3132002436636
1.30777992265748,8,Girasol,75,1.01846879214029,0.981866118743333,25.5341515584318
1.20426955212289,12,Girasol,78,1.00364049732164,1.00364049732164,28.5085032359433
1.22318995107617,12,Girasol,72,1.24456829197269,0.803491464831523,59.2044048815889
1.5685161486409,8,Girasol,69,1.01012145748988,1.01012145748988,159.383372662915
1.42053580548555,9,Girasol,70,1.01330534149894,0.986869366069597,48.9743225124934
1.30209845393134,7,Girasol,74,1.01603206412826,0.98422090729783,84.1192922442461
1.2781855943009,7,Girasol,69,1.07641722952808,0.929007797876306,70.8545184179943
1.96880412517964,6,Girasol,63,1.077134684733,0.928389006661577,24.1864988036915
1.5072561185382,6,Girasol,59,1.65725335006774,0.603408042565805,23.279496069742
2.07656395846395,7,Girasol,63,1.73541206206034,1.73541206206034,35.3775214893525
1.21799500927511,9,Girasol,70,1.33812936048899,0.747311903861501,28.2633657266082
1.2411732562377,8,Girasol,68,1.50468218207769,0.664592172294605,41.2457897575077
1.29587260517297,11,Girasol,72,1.05738785930232,0.945726765446143,91.42098750026
1.58619192961116,5,Girasol,72,1.33266533066132,0.750375939849624,47.2769524609261
1.9420216910616,3,Hemerocallis,27,2.09079057772926,0.478287979031391,26.3937754015344
3.13113599305109,2,Hemerocallis,39,1.05428181735767,0.948512991058011,22.6863512465928
1.62533590327886,5,Hemerocallis,37,1.01330126503078,1.01330126503078,20.9186786367994
1.74714010776217,3,Hemerocallis,51,1.26156806458675,0.792664326302177,15.9100663507109
1.81861399216424,4,Hemerocallis,32,1.02128777616414,0.979155947362757,74.7926290861923
1.68241601301865,3,Hemerocallis,46,1.14294947075923,0.874929317160216,28.4336963928897
1.61248788614404,7,Hemerocallis,41,1.00364906595263,1.00364906595263,23.8590834993661
1.68480746411669,5,Hemerocallis,72,1.15974872112937,0.862255747112354,44.5616247797459
2.330393019583,3,Hemerocallis,46,1.58766821655094,0.629854518453739,34.4393497195495
1.98115472608551,5,Hemerocallis,32,1.24818367171529,0.801164141672971,38.3301155246083
1.61387822823926,3,Hemerocallis,31,1.83070580297523,0.546237412026999,15.8842291896586
2.04727206114862,4,Hemerocallis,49,1.17255618285104,0.852837599276929,61.9140007741524
1.3787156598952,6,Hemerocallis,40,1.48477734073745,0.673501657496557,13.7628191141174
1.54906370455077,3,Hemerocallis,40,1.09387607792753,0.914180335577511,13.5849861377692
1.43128787515625,6,Hemerocallis,40,1.04813263143642,0.954077728340112,12.5369127516779
1.3487082709403,7,Hemerocallis,40,1.30710534444886,0.765049277968984,17.3878504672897
1.22922391112658,8,Hemerocallis,39,1.5991285723377,0.625340586928629,26.4253572790499
1.73649325867633,4,Hemerocallis,52,1.23639920742328,0.808800259654042,15.5173781615499
1.24704991959805,9,Hemerocallis,35,1.03120516598671,0.969739129500138,36.231424546441
1.4541302685747,7,Hemerocallis,55,1.11815468732953,0.894330642559199,17.2941958635716
1.5670131026922,3,Hemerocallis,74,1.19479663162534,0.836962520257237,12.2666362085202
2.01380411664312,4,Hemerocallis,58,1.04279585492971,0.95896046697213,13.3108328523751
2.55848508102219,4,Hemerocallis,37,1.14583863107204,0.872723237707921,52.8235098996877
2.12075069473434,2,Hemerocallis,37,2.04929935397096,2.04929935397096,16.054784230083
2.07773432741411,3,Hemerocallis,53,1.37652465124422,1.37652465124422,21.6504534790069
2.43622838453668,3,Hemerocallis,73,1.24342719278754,1.24342719278754,22.008280092001
1.46164593447086,7,Hemerocallis,48,1.8866773544749,1.8866773544749,71.3411522103364
1.49799315513812,9,Hemerocallis,33,1.65020385358285,0.60598573796131,31.7106480781444
1.5255400996278,6,Hemerocallis,42,1.76920378808229,0.565226011122179,30.7031196266274
2.13427573884044,3,Hemerocallis,41,1.01206232564142,0.988081439911545,71.5928667877264
1.9774605936046,5,Hemerocallis,50,1.10839662763897,0.902204116346086,22.6063313637892
2.36316175622787,5,Hemerocallis,34,1.19738205436638,0.835155326032653,47.3034189223023
1.2243095727518,9,Hemerocallis,29,1.67648962979028,0.596484453127871,23.3262040633642
2.03219463313412,4,Hemerocallis,52,1.12173649997112,0.891474958714234,19.2424049828397
1.78490380852278,4,Hemerocallis,36,1.72676171895719,0.579118698904162,24.1785316851635
1.43230356651455,5,Hemerocallis,34,1.28392749819645,0.778860178167935,17.3424210242673
2.02514291141222,2,Hemerocallis,31,1.16791035558615,0.856230099525162,19.8910287980508
1.81926710107969,4,Lliri,243,1.71105941608508,0.584433240949639,43.9687968286695
1.5178812320009,5,Lliri,28,1.15939288317037,0.862520388485992,35.2476285956659
1.3608029451524,8,Lliri,110,1.01839655210349,0.981935767491073,29.4689399696049
1.41731863041555,6,Lliri,276,1.14133409334297,0.876167640862278,46.5595770638471
1.62945369919145,4,Lliri,72,1.18915317141322,1.18915317141322,26.3000280147222
1.40762704493312,5,Lliri,229,1.01473917155095,0.985474916151678,26.7733121854967
1.38161150680066,8,Lliri,300,1.29330157542412,0.773214862644902,35.2947348285591
1.32474806245931,7,Lliri,81,1.15357155129634,1.15357155129634,32.2290991832436
1.87671896436408,5,Lliri,313,1.11046067278395,0.900527163643694,31.6754632293705
1.26153792753398,8,Lliri,272,1.10951882255862,0.90129160467412,22.1898088545212
1.374038627051,7,Lliri,69,1.02393506931611,1.02393506931611,34.6045478536242
1.3775473687099,7,Lliri,273,1.12424690484865,0.889484325629187,23.1153328698228
1.4961043882433,4,Lliri,271,1.00681290286292,1.00681290286292,31.5843787891521
1.55757096308647,8,Lliri,360,1.15362414916659,1.15362414916659,24.0719261960486
1.47547939412042,5,Lliri,85,1.04141070995901,1.04141070995901,37.9292442767804
1.2090714730932,9,Lliri,272,1.00606745798868,1.00606745798868,22.8559896975522
1.42398907439374,8,Lliri,292,1.05425079439079,1.05425079439079,38.9825462688533
1.62954838786238,7,Lliri,272,1.71130755467621,1.71130755467621,33.60253062522
1.42843223954007,5,Lliri,70,1.0243863167545,1.0243863167545,25.8038572553136
1.51813804249203,6,Lliri,56,1.05539120179256,0.947515952664304,33.7323323746428
1.86495974979467,4,Lliri,75,1.05535413500523,0.947549231893661,37.7371594906464
1.47721327321333,5,Lliri,91,1.28157263566098,1.28157263566098,25.7793094916183
1.51249320598921,5,Lliri,69,1.17459460192907,1.17459460192907,38.7649343678329
1.27667263709041,6,Lliri,258,1.15813003637669,1.15813003637669,22.2343444922386
1.4951889526811,6,Lliri,245,1.02200618597325,0.978467658733111,26.6767149969509
1.71612037818456,7,Lliri,53,1.01641644263328,1.01641644263328,30.2772885261267
1.38015867496203,7,Lliri,71,1.13408042704508,1.13408042704508,33.7915993895291
1.8725442541674,4,Lliri,292,2.86434111020139,2.86434111020139,70.9954513762077
1.3490286107792,4,Lliri,272,1.02488035776211,0.975723646595746,27.7606942067954
1.44808213230738,6,Lliri,82,1.01205333477468,0.988090217817064,35.7733251465467
1.57737527685611,5,Lliri,290,1.01187208317028,0.988267209494419,30.8369448674169
1.33928231106208,6,Lliri,70,1.02807143384205,0.972695055111932,24.3645604274297
1.40088520549305,4,Lliri,220,1.03417711817143,1.03417711817143,24.2766131458224
1.41539552675187,6,Lliri,309,1.0204730676741,1.0204730676741,34.8902706807035
1.40213561690148,6,Lliri,305,1.40238569853351,0.713070591810591,37.4482480006596
1.30562899451056,7,Lliri,48,1.00988036672879,0.990216299816985,35.4185684599822
1.62035296397495,5,Lliri,360,1.06202184105054,1.06202184105054,15.4125627051981
1.38334476779978,6,Lliri,352,1.06564258388803,1.06564258388803,31.272578776645
1.34691855582343,7,Lliri,214,1.14411308252978,0.874039476752481,31.6421217463056
1.70713582851399,5,Lliri,253,1.07590581814494,0.929449384077305,37.2060217358541
1.47243287857309,7,Lliri,63,1.23166200476175,1.23166200476175,41.8907137701159
1.47304107970358,9,Lliri,285,1.17753309603298,0.84923303079032,33.8389964778699
1.27803568601526,6,Lliri,258,1.15813003637669,1.15813003637669,22.5242450180955
2.01585292046282,6,Lliri,266,1.14166564165929,1.14166564165929,39.6119911429058
1.61341380276793,5,Lliri,320,1.00186010128701,1.00186010128701,39.3211571389949
1.7452619873365,6,Lliri,272,1.83015351212053,1.83015351212053,36.0124232144494
1.8318140437934,4,Lliri,75,1.07139143256711,0.933365686529666,37.3870265929633
1.59452325177493,6,Lliri,57,1.03293304961704,0.968116956244888,32.4049560887084
1.80727434911661,5,Lliri,71,1.06665508447695,1.06665508447695,31.3497612204998
1.30845914933166,6,Lliri,279,1.07705277242069,0.928459612756476,34.6231253526564
2.03811993288837,4,Lliri,70,1.10904402173975,0.901677463110349,31.4660693940963
1.56152422568541,9,Lliri,275,1.00294900535544,0.997059665706141,48.9368055770082
1.36724991236739,7,Lliri,214,1.10862763725882,0.902016120103759,30.3755552865139
1.60945632815121,6,Lliri,70,1.32791977847831,1.32791977847831,32.777686070787
1.25851283605295,8,Lliri,272,1.11074578497927,0.900296011493452,22.2461654678622
1.49690628706389,5,Lliri,271,1.04029574926782,1.04029574926782,35.3536052357444
1.56693930977097,6,Lliri,21,1.0266950092356,0.973999085419267,27.8314875135722
1.66964103591679,4,Lliri,44,1.08091410327505,0.925142892455664,28.325704477185
1.37347699807363,8,Lliri,71,1.13408042704508,1.13408042704508,33.7113347340484
1.34903655886036,4,Lliri,272,1.02488035776211,0.975723646595746,27.7609656413165
1.76231936027033,5,Narcis,73,1.72900820263984,0.578366255563856,35.1575775501904
1.25666277049796,6,Narcis,73,1.00221460891211,1.00221460891211,52.168951907069
1.56642756761778,5,Narcis,78,1.65711258120584,1.65711258120584,43.5846977513871
1.33353444645813,6,Narcis,79,1.24624344609112,0.802411441469585,21.3235223966035
1.47916030979581,5,Narcis,71,1.06318651658458,0.940568737847092,22.8041543533592
1.27442528946717,6,Narcis,70,1.03195627321926,0.969033306886569,20.5266217870257
1.28823502150789,6,Narcis,72,1.00547477809556,1.00547477809556,19.1908200908059
1.60851156589349,6,Narcis,77,1.21819020502104,0.820889870792163,26.3691908049249
1.25950917738982,6,Narcis,76,1.61037403263099,0.620973748791905,20.0584352355072
1.78351091158388,6,Narcis,74,1.08599899361932,0.920811166378059,48.4343622210179
1.58316628517092,6,Narcis,68,1.13591433839696,0.880348073967652,30.1099272564583
1.35421855885012,7,Narcis,81,1.06208105379408,0.941547725032557,23.6287467226009
1.82591063786712,5,Narcis,75,1.15953856657257,1.15953856657257,21.8444304857621
1.20102842098656,6,Narcis,69,1.27033671527473,0.787192866250217,26.2145028863798
1.64157745023698,7,Narcis,76,1.14429718749845,1.14429718749845,17.3265264860493
1.72677346211083,6,Narcis,74,1.19660991032525,0.83569423198926,21.7226260413555
1.27122382861576,6,Narcis,70,1.00104468616056,0.998956404069668,28.6904701604588
1.39455007609187,7,Narcis,83,1.30709976609409,0.765052542996182,23.4273648197151
1.54163047041507,6,Narcis,73,1.04675883873734,0.955329884012494,19.2305422632445
1.53719305860058,6,Narcis,70,1.67754670059085,0.596108590984554,24.3298283298976
1.22625667543859,5,Narcis,73,1.10113039190819,0.908157659936224,25.2351860459969
1.66976719469068,5,Narcis,73,1.43313398829579,0.697771463217579,37.8308998598266
1.3917378689967,6,Narcis,72,1.05301371478691,0.94965524755996,17.4833683093326
1.30441958096864,7,Narcis,74,1.00052660679834,1.00052660679834,21.6426033152867
1.28572456033813,6,Narcis,68,1.00770878093478,1.00770878093478,19.1882604727968
1.33917828261324,6,Narcis,77,1.03846511469686,0.962959646739713,21.5265987452777
1.23689588305631,6,Narcis,73,1.17928192283393,0.847973652981046,18.5113706036453
1.58685607033004,6,Narcis,75,1.12138327555913,0.891755764327225,37.4548122612503
1.40418553569027,6,Narcis,72,1.00076416548776,1.00076416548776,20.4591578152801
1.56155303312033,6,Narcis,76,1.14662790563037,1.14662790563037,19.8423559267532
1.41687001413217,6,Narcis,89,1.04613873603651,1.04613873603651,24.6520898747426
1.9236372520272,5,Narcis,70,1.26248239090638,0.792090255834831,21.4483357016209
1.53933318208642,7,Narcis,73,1.14962598674839,1.14962598674839,48.3926484318268
1.27835943606387,6,Narcis,69,1.10114778906493,0.908143311852057,23.5873337107274
1.72564385143368,5,Narcis,69,1.34571730265657,1.34571730265657,22.7745876440238
1.70921506465965,6,Narcis,77,1.04218492889748,1.04218492889748,61.8424049588292
1.48761551227649,6,Narcis,78,1.31602470349204,1.31602470349204,25.1591801718476
1.25052145582636,6,Narcis,75,1.10503610316435,0.904947808615872,25.751094079993
1.72178444073736,6,Narcis,72,1.04505100243953,0.956891096860952,54.6319688641562
1.28157321913168,6,Narcis,78,1.18351827276067,0.844938369787397,28.1060012509464
1.27995807188289,7,Narcis,74,1.36129548021178,0.734594373180778,21.2017130984184
1.65445121264085,5,Narcis,107,1.42105096428554,1.42105096428554,36.8888701268548
1.84199384759617,4,Narcis,80,1.73343263594098,0.576890026913077,20.5985463769176
1.51821398577219,7,Narcis,73,1.16714592194997,1.16714592194997,45.3796586354632
2.36937986001131,3,Narcis,69,1.06485598906407,0.939094121899926,55.5595913136597
1.22247914445399,6,Narcis,69,1.17615157369882,0.850230550519225,23.3419092755586
1.35153763707454,6,Narcis,77,1.13816613529338,0.878606355426513,22.0858177796836
1.68920491050127,5,Narcis,74,1.18544799002416,0.843562947016865,20.7249833697615
1.36324445561404,6,Narcis,75,1.01715131945273,1.01715131945273,56.2159968777621
1.811316330089,4,Narcis,81,2.09817357447516,0.476604992153778,24.4062811151676
1.85805776005775,6,Narcis,81,1.17067587992616,0.85420740031227,54.3168840990735
1.87559924086938,5,Narcis,73,1.12754582966896,0.886881910860856,24.3186751346571
1.41671830659855,6,Narcis,72,1.04297364402793,1.04297364402793,19.3180177679067
1.86159300791997,7,Narcis,75,1.02307156295031,0.977448730092958,39.128279935887
1.3768165757326,5,Viola,297,1.10215408746552,1.10215408746552,12.9690560043474
1.40097204141372,6,Viola,277,1.00384361448026,1.00384361448026,21.6368604734467
1.45732166699524,5,Viola,83,1.17920251693323,1.17920251693323,22.1738345864662
1.44256624357353,6,Viola,70,1.33846508094111,1.33846508094111,14.6926953373453
1.45622082417934,6,Viola,282,1.03292086885711,1.03292086885711,18.0538424710972
1.58374067783686,5,Viola,76,1.01264254193009,0.987515296457923,18.8113866218907
1.99811756258881,3,Viola,74,1.04998262156089,1.04998262156089,38.2440983171731
1.80514353894139,4,Viola,297,1.44967853996627,1.44967853996627,27.0532400809746
1.42834250420395,5,Viola,73,1.00625258315596,1.00625258315596,17.5682380281296
1.37294912395907,6,Viola,73,1.00019840364538,0.999801635710815,15.3449809079338
1.45378085310353,7,Viola,332,1.01296361407482,1.01296361407482,22.1655909021054
1.38460100702391,5,Viola,75,1.32183052875581,1.32183052875581,17.6958171428571
1.47730903988549,5,Viola,296,1.19807417208473,1.19807417208473,20.6073949876456
1.58352372517687,5,Viola,287,1.10315562883156,1.10315562883156,32.8868121840942
1.39931910290937,5,Viola,311,1.34116877462324,1.34116877462324,16.7953905516738
1.43959161728289,6,Viola,73,2.63127995099274,2.63127995099274,15.1686581544788
2.11989789714705,3,Viola,286,1.32624771910008,1.32624771910008,29.013971090371
1.68206493436952,5,Viola,289,1.49868520899366,1.49868520899366,19.0398887288262
1.65884092406272,3,Viola,314,1.34658184637885,1.34658184637885,18.1719910217201
1.63642857011484,5,Viola,290,1.01160162524245,1.01160162524245,23.6375728759835
1.42905292437206,6,Viola,286,1.67818211904536,1.67818211904536,21.0297809121059
1.50446414872968,7,Viola,311,1.01361593302981,0.986566970204276,17.7386695691397
1.85858432402258,5,Viola,84,1.60109377330954,0.624573036676642,40.2934319636206
1.66317764149165,6,Viola,76,1.28066783541905,1.28066783541905,18.2581561975874
1.34363571071328,6,Viola,75,1.24935662075769,1.24935662075769,19.3526703286558
1.49361636060266,6,Viola,288,1.28830826963555,1.28830826963555,25.7985101405176
1.60749354558719,3,Viola,293,1.00703259540962,1.00703259540962,19.8407492916361
1.52017136027131,8,Viola,285,1.08288999409601,0.923454834241767,18.6442274703979
1.5293763199354,6,Viola,291,1.11294219273095,1.11294219273095,20.8842192653757
1.48658910889911,5,Viola,281,1.49226914520946,1.49226914520946,40.5111206025439
1.48683210131879,6,Viola,109,1.02970781585618,0.971149276135698,19.466279000947
1.29660590962069,7,Viola,280,1.16717157039826,1.16717157039826,15.6058080156284
1.46594966846398,4,Viola,88,1.4583056445942,1.4583056445942,17.4226711233832
1.66503892530659,2,Viola,90,1.4737094965103,1.4737094965103,20.6467596899225
1.42568332308437,7,Viola,277,1.13944221463625,1.13944221463625,15.7622428312547
1.52342329088554,6,Viola,291,1.67210459889359,1.67210459889359,18.2085059646147
1.55946424298033,5,Viola,321,1.00919702240849,0.990886791969979,19.8417616782852
1.42890248818949,3,Viola,303,1.39492480697153,1.39492480697153,15.1126897841453
1.41294400342038,6,Viola,73,1.02584664634841,0.974804570994686,14.3631007576614
1.65466041437227,6,Viola,77,1.09388165949562,0.914175670941488,18.1152230400293
1.34805054502741,6,Viola,328,1.00503956009428,1.00503956009428,16.994898875304
1.61843397464893,4,Viola,293,1.06939631573473,0.935107018124471,19.8879278058176
